     EN	 IP	 coord_no	 coord_dis	 EN_coord_1	 IP_coord_1	 EN_coord_2	 ML_charge
  2.5500	 11.2600	  3.0000	  1.3042	  2.4333	 12.0393	  2.4625	 -0.0967
  2.5500	 11.2600	  3.0000	  1.4278	  2.5500	 11.2600	  2.7300	 -0.0179
  2.5500	 11.2600	  3.0000	  1.3066	  2.4333	 12.0393	  2.4625	 -0.0863
  2.5500	 11.2600	  3.0000	  1.3043	  2.4333	 12.0393	  2.4625	 -0.0981
  2.5500	 11.2600	  3.0000	  1.4538	  2.5500	 11.2600	  2.4333	  0.0788
  2.5500	 11.2600	  3.0000	  1.3052	  2.4333	 12.0393	  2.4625	 -0.0736
  2.5500	 11.2600	  3.0000	  1.3061	  2.4333	 12.0393	  2.4625	 -0.0890
  2.5500	 11.2600	  3.0000	  1.4268	  2.5500	 11.2600	  2.7300	 -0.0193
  2.5500	 11.2600	  3.0000	  1.3064	  2.4333	 12.0393	  2.4625	 -0.0891
  2.5500	 11.2600	  3.0000	  1.3037	  2.4333	 12.0393	  2.4625	 -0.1323
  2.5500	 11.2600	  3.0000	  1.3047	  2.4333	 12.0393	  2.4625	 -0.0905
  2.5500	 11.2600	  3.0000	  1.3051	  2.4333	 12.0393	  2.4625	 -0.0736
  2.5500	 11.2600	  3.0000	  1.4523	  2.5500	 11.2600	  2.7300	 -0.0299
  2.5500	 11.2600	  3.0000	  1.3050	  2.4333	 12.0393	  2.4625	 -0.0961
  2.5500	 11.2600	  3.0000	  1.3041	  2.4333	 12.0393	  2.4625	 -0.0933
  2.5500	 11.2600	  3.0000	  1.4527	  2.5500	 11.2600	  2.4333	  0.0788
  2.5500	 11.2600	  3.0000	  1.3048	  2.4333	 12.0393	  2.4625	 -0.0889
  2.5500	 11.2600	  3.0000	  1.4647	  2.5500	 11.2600	  2.4917	  0.0243
  2.5500	 11.2600	  3.0000	  1.4253	  2.5500	 11.2600	  2.4917	  0.0427
  2.5500	 11.2600	  3.0000	  1.2957	  2.4333	 12.0393	  2.4625	 -0.1055
  2.5500	 11.2600	  3.0000	  1.3089	  2.4333	 12.0393	  2.5500	 -0.1205
  2.5500	 11.2600	  3.0000	  1.4363	  2.5500	 11.2600	  2.5500	 -0.0084
  2.5500	 11.2600	  3.0000	  1.4627	  2.5500	 11.2600	  2.4917	  0.0243
  2.5500	 11.2600	  3.0000	  1.4247	  2.5500	 11.2600	  2.4917	  0.0428
  2.5500	 11.2600	  3.0000	  1.2954	  2.4333	 12.0393	  2.4625	 -0.0765
  2.5500	 11.2600	  3.0000	  1.3074	  2.4333	 12.0393	  2.5500	 -0.1131
  2.5500	 11.2600	  3.0000	  1.4360	  2.5500	 11.2600	  2.5500	 -0.0083
  2.5500	 11.2600	  3.0000	  1.4616	  2.5500	 11.2600	  2.4917	  0.0243
  2.5500	 11.2600	  3.0000	  1.4241	  2.5500	 11.2600	  2.4917	  0.0397
  2.5500	 11.2600	  3.0000	  1.2958	  2.4333	 12.0393	  2.4625	 -0.1074
  2.5500	 11.2600	  3.0000	  1.3065	  2.4333	 12.0393	  2.4625	 -0.0868
  2.5500	 11.2600	  3.0000	  1.4637	  2.5500	 11.2600	  2.4917	  0.0243
  2.5500	 11.2600	  3.0000	  1.3043	  2.4333	 12.0393	  2.4625	 -0.0981
  2.5500	 11.2600	  3.0000	  1.3038	  2.4333	 12.0393	  2.4625	 -0.1323
  2.5500	 11.2600	  3.0000	  1.3043	  2.4333	 12.0393	  2.4625	 -0.0981
  2.5500	 11.2600	  3.0000	  1.3031	  2.4333	 12.0393	  2.4625	 -0.0952
  2.5500	 11.2600	  3.0000	  1.4507	  2.5500	 11.2600	  2.4333	  0.0795
  2.5500	 11.2600	  3.0000	  1.3038	  2.4333	 12.0393	  2.4625	 -0.1410
  2.5500	 11.2600	  3.0000	  1.3041	  2.4333	 12.0393	  2.4625	 -0.0933
  2.5500	 11.2600	  3.0000	  1.4504	  2.5500	 11.2600	  2.7300	 -0.0275
  2.5500	 11.2600	  3.0000	  1.3043	  2.4333	 12.0393	  2.4625	 -0.0981
  2.5500	 11.2600	  3.0000	  1.3030	  2.4333	 12.0393	  2.4625	 -0.1123
  2.5500	 11.2600	  3.0000	  1.4504	  2.5500	 11.2600	  2.4333	  0.0795
  2.5500	 11.2600	  3.0000	  1.3039	  2.4333	 12.0393	  2.4625	 -0.1410
  2.5500	 11.2600	  3.0000	  1.4604	  2.5500	 11.2600	  2.4917	  0.0242
  2.5500	 11.2600	  3.0000	  1.4236	  2.5500	 11.2600	  2.4917	  0.0414
  2.5500	 11.2600	  3.0000	  1.2955	  2.4333	 12.0393	  2.4625	 -0.1022
  2.5500	 11.2600	  3.0000	  1.3070	  2.4333	 12.0393	  2.5500	 -0.1099
  2.5500	 11.2600	  3.0000	  1.4347	  2.5500	 11.2600	  2.5500	 -0.0076
  2.5500	 11.2600	  3.0000	  1.4602	  2.5500	 11.2600	  2.4917	  0.0242
  2.5500	 11.2600	  3.0000	  1.4234	  2.5500	 11.2600	  2.4917	  0.0400
  2.5500	 11.2600	  3.0000	  1.2952	  2.4333	 12.0393	  2.4625	 -0.0760
  2.5500	 11.2600	  3.0000	  1.3070	  2.4333	 12.0393	  2.5500	 -0.1099
  2.5500	 11.2600	  3.0000	  1.4346	  2.5500	 11.2600	  2.5500	 -0.0077
  2.5500	 11.2600	  3.0000	  1.4605	  2.5500	 11.2600	  2.4917	  0.0242
  2.5500	 11.2600	  3.0000	  1.4237	  2.5500	 11.2600	  2.4917	  0.0423
  2.5500	 11.2600	  3.0000	  1.2955	  2.4333	 12.0393	  2.4625	 -0.1022
  2.5500	 11.2600	  3.0000	  1.4606	  2.5500	 11.2600	  2.4917	  0.0242
  2.5500	 11.2600	  3.0000	  1.4237	  2.5500	 11.2600	  2.4917	  0.0423
  2.5500	 11.2600	  3.0000	  1.2952	  2.4333	 12.0393	  2.4625	 -0.0760
  2.5500	 11.2600	  3.0000	  1.3045	  2.4333	 12.0393	  2.4625	 -0.0905
  2.5500	 11.2600	  3.0000	  1.4513	  2.5500	 11.2600	  2.7300	 -0.0307
  2.5500	 11.2600	  3.0000	  1.3047	  2.4333	 12.0393	  2.4625	 -0.0889
  2.5500	 11.2600	  3.0000	  1.4515	  2.5500	 11.2600	  2.4333	  0.0788
  2.5500	 11.2600	  3.0000	  1.4247	  2.5500	 11.2600	  2.4917	  0.0428
  2.5500	 11.2600	  3.0000	  1.2957	  2.4333	 12.0393	  2.4625	 -0.1055
  2.5500	 11.2600	  3.0000	  1.3049	  2.4333	 12.0393	  2.4625	 -0.0886
  2.5500	 11.2600	  3.0000	  1.4246	  2.5500	 11.2600	  2.4917	  0.0426
  2.5500	 11.2600	  3.0000	  1.2954	  2.4333	 12.0393	  2.4625	 -0.0757
  2.5500	 11.2600	  3.0000	  1.4634	  2.5500	 11.2600	  2.4917	  0.0243
  2.5500	 11.2600	  3.0000	  1.4249	  2.5500	 11.2600	  2.4917	  0.0429
  2.5500	 11.2600	  3.0000	  1.2954	  2.4333	 12.0393	  2.4625	 -0.0757
  2.5500	 11.2600	  3.0000	  1.3496	  3.1433	 12.8320	  1.9400	  0.5945
  2.5500	 11.2600	  3.0000	  1.3506	  3.1433	 12.8320	  1.9400	  0.5958
  2.5500	 11.2600	  3.0000	  1.3761	  3.1433	 12.8320	  1.9400	  0.5703
  2.5500	 11.2600	  3.0000	  1.3745	  3.1433	 12.8320	  1.9400	  0.5179
  2.5500	 11.2600	  3.0000	  1.3762	  3.1433	 12.8320	  1.9400	  0.5703
  2.5500	 11.2600	  3.0000	  1.3751	  3.1433	 12.8320	  1.9400	  0.5015
  2.5500	 11.2600	  3.0000	  1.3755	  3.1433	 12.8320	  1.9400	  0.5079
  2.5500	 11.2600	  3.0000	  1.3748	  3.1433	 12.8320	  1.9400	  0.5088
  2.5500	 11.2600	  3.0000	  1.3515	  3.1433	 12.8320	  1.9400	  0.5993
  2.5500	 11.2600	  3.0000	  1.3500	  3.1433	 12.8320	  1.9400	  0.5953
  2.5500	 11.2600	  3.0000	  1.3758	  3.1433	 12.8320	  1.9400	  0.5372
  2.5500	 11.2600	  3.0000	  1.3767	  3.1433	 12.8320	  1.9400	  0.5920
  2.5500	 11.2600	  3.0000	  1.3748	  3.1433	 12.8320	  1.9400	  0.5088
  2.5500	 11.2600	  3.0000	  1.3748	  3.1433	 12.8320	  1.9400	  0.5088
  2.5500	 11.2600	  3.0000	  1.3771	  3.1433	 12.8320	  1.9400	  0.5943
  2.5500	 11.2600	  3.0000	  1.3496	  3.1433	 12.8320	  1.9400	  0.5945
  2.5500	 11.2600	  3.0000	  1.3765	  3.1433	 12.8320	  1.9400	  0.5920
  2.5500	 11.2600	  3.0000	  1.3773	  3.1433	 12.8320	  1.9400	  0.5951
  2.5500	 11.2600	  3.0000	  1.3511	  3.1433	 12.8320	  1.9400	  0.5966
  2.5500	 11.2600	  3.0000	  1.3750	  3.1433	 12.8320	  1.9400	  0.5015
  2.5500	 11.2600	  3.0000	  1.3754	  3.1433	 12.8320	  1.9400	  0.5079
  2.5500	 11.2600	  3.0000	  1.3506	  3.1433	 12.8320	  1.9400	  0.5958
  2.5500	 11.2600	  3.0000	  1.3505	  3.1433	 12.8320	  1.9400	  0.5943
  2.5500	 11.2600	  3.0000	  1.3499	  3.1433	 12.8320	  1.9400	  0.5946
  2.5500	 11.2600	  3.0000	  1.4625	  2.5500	 11.2600	  2.4917	  0.0243
  2.5500	 11.2600	  3.0000	  1.4353	  2.5500	 11.2600	  2.5500	 -0.0081
  2.5500	 11.2600	  3.0000	  1.3075	  2.4333	 12.0393	  2.5500	 -0.1131
  2.5500	 11.2600	  3.0000	  1.2957	  2.4333	 12.0393	  2.4625	 -0.1055
  2.5500	 11.2600	  3.0000	  1.4523	  2.5500	 11.2600	  2.7300	 -0.0299
  2.5500	 11.2600	  3.0000	  1.3050	  2.4333	 12.0393	  2.4625	 -0.0961
  2.5500	 11.2600	  3.0000	  1.3040	  2.4333	 12.0393	  2.4625	 -0.1414
  2.5500	 11.2600	  3.0000	  1.4524	  2.5500	 11.2600	  2.4333	  0.0788
  2.5500	 11.2600	  3.0000	  1.3046	  2.4333	 12.0393	  2.4625	 -0.0905
  2.5500	 11.2600	  3.0000	  1.3043	  2.4333	 12.0393	  2.4625	 -0.0981
  2.5500	 11.2600	  3.0000	  1.4509	  2.5500	 11.2600	  2.7300	 -0.0305
  2.5500	 11.2600	  3.0000	  1.3044	  2.4333	 12.0393	  2.4625	 -0.0973
  2.5500	 11.2600	  3.0000	  1.3031	  2.4333	 12.0393	  2.4625	 -0.0952
  2.5500	 11.2600	  3.0000	  1.4508	  2.5500	 11.2600	  2.4333	  0.0795
  2.5500	 11.2600	  3.0000	  1.3041	  2.4333	 12.0393	  2.4625	 -0.0933
  2.5500	 11.2600	  3.0000	  1.3061	  2.4333	 12.0393	  2.4625	 -0.0890
  2.5500	 11.2600	  3.0000	  1.4269	  2.5500	 11.2600	  2.7300	 -0.0193
  2.5500	 11.2600	  3.0000	  1.3061	  2.4333	 12.0393	  2.4625	 -0.0890
  2.5500	 11.2600	  3.0000	  1.4506	  2.5500	 11.2600	  2.7300	 -0.0275
  2.5500	 11.2600	  3.0000	  1.3039	  2.4333	 12.0393	  2.4625	 -0.1410
  2.5500	 11.2600	  3.0000	  1.3047	  2.4333	 12.0393	  2.4625	 -0.0889
  2.5500	 11.2600	  3.0000	  1.3040	  2.4333	 12.0393	  2.4625	 -0.1414
  2.5500	 11.2600	  3.0000	  1.4507	  2.5500	 11.2600	  2.7300	 -0.0275
  2.5500	 11.2600	  3.0000	  1.3044	  2.4333	 12.0393	  2.4625	 -0.0973
  2.5500	 11.2600	  3.0000	  1.3031	  2.4333	 12.0393	  2.4625	 -0.0952
  2.5500	 11.2600	  3.0000	  1.4506	  2.5500	 11.2600	  2.4333	  0.0795
  2.5500	 11.2600	  3.0000	  1.3040	  2.4333	 12.0393	  2.4625	 -0.1414
  2.5500	 11.2600	  3.0000	  1.4608	  2.5500	 11.2600	  2.4917	  0.0243
  2.5500	 11.2600	  3.0000	  1.4236	  2.5500	 11.2600	  2.4917	  0.0414
  2.5500	 11.2600	  3.0000	  1.2958	  2.4333	 12.0393	  2.4625	 -0.1074
  2.5500	 11.2600	  3.0000	  1.3078	  2.4333	 12.0393	  2.5500	 -0.1127
  2.5500	 11.2600	  3.0000	  1.4354	  2.5500	 11.2600	  2.5500	 -0.0081
  2.5500	 11.2600	  3.0000	  1.4607	  2.5500	 11.2600	  2.4917	  0.0243
  2.5500	 11.2600	  3.0000	  1.4236	  2.5500	 11.2600	  2.4917	  0.0414
  2.5500	 11.2600	  3.0000	  1.4527	  2.5500	 11.2600	  2.4333	  0.0788
  2.5500	 11.2600	  3.0000	  1.3041	  2.4333	 12.0393	  2.4625	 -0.0933
  2.5500	 11.2600	  3.0000	  1.4526	  2.5500	 11.2600	  2.4333	  0.0788
  2.5500	 11.2600	  3.0000	  1.4505	  2.5500	 11.2600	  2.4333	  0.0795
  2.5500	 11.2600	  3.0000	  1.4247	  2.5500	 11.2600	  2.4917	  0.0428
  2.5500	 11.2600	  3.0000	  1.2960	  2.4333	 12.0393	  2.4625	 -0.0988
  2.5500	 11.2600	  3.0000	  1.4624	  2.5500	 11.2600	  2.4917	  0.0243
  2.5500	 11.2600	  3.0000	  1.4250	  2.5500	 11.2600	  2.4917	  0.0431
  2.5500	 11.2600	  3.0000	  1.2961	  2.4333	 12.0393	  2.4625	 -0.0978
  2.5500	 11.2600	  3.0000	  1.3070	  2.4333	 12.0393	  2.4625	 -0.0730
  2.5500	 11.2600	  3.0000	  1.4279	  2.5500	 11.2600	  2.7300	 -0.0175
  2.5500	 11.2600	  3.0000	  1.3065	  2.4333	 12.0393	  2.4625	 -0.0868
  2.5500	 11.2600	  3.0000	  1.3046	  2.4333	 12.0393	  2.4625	 -0.0905
  2.5500	 11.2600	  3.0000	  1.4536	  2.5500	 11.2600	  2.4333	  0.0788
  2.5500	 11.2600	  3.0000	  1.3052	  2.4333	 12.0393	  2.4625	 -0.0882
  2.5500	 11.2600	  3.0000	  1.3050	  2.4333	 12.0393	  2.4625	 -0.0961
  2.5500	 11.2600	  3.0000	  1.4524	  2.5500	 11.2600	  2.7300	 -0.0297
  2.5500	 11.2600	  3.0000	  1.3050	  2.4333	 12.0393	  2.4625	 -0.0961
  2.5500	 11.2600	  3.0000	  1.3042	  2.4333	 12.0393	  2.4625	 -0.0967
  2.5500	 11.2600	  3.0000	  1.4525	  2.5500	 11.2600	  2.4333	  0.0788
  2.5500	 11.2600	  3.0000	  1.3045	  2.4333	 12.0393	  2.4625	 -0.0905
  2.5500	 11.2600	  3.0000	  1.3069	  2.4333	 12.0393	  2.4625	 -0.0402
  2.5500	 11.2600	  3.0000	  1.4280	  2.5500	 11.2600	  2.7300	 -0.0178
  2.5500	 11.2600	  3.0000	  1.3065	  2.4333	 12.0393	  2.4625	 -0.0868
  2.5500	 11.2600	  3.0000	  1.3048	  2.4333	 12.0393	  2.4625	 -0.0889
  2.5500	 11.2600	  3.0000	  1.4542	  2.5500	 11.2600	  2.4333	  0.0788
  2.5500	 11.2600	  3.0000	  1.3052	  2.4333	 12.0393	  2.4625	 -0.0882
  2.5500	 11.2600	  3.0000	  1.3051	  2.4333	 12.0393	  2.4625	 -0.0736
  2.5500	 11.2600	  3.0000	  1.4523	  2.5500	 11.2600	  2.7300	 -0.0299
  2.5500	 11.2600	  3.0000	  1.3049	  2.4333	 12.0393	  2.4625	 -0.0886
  2.5500	 11.2600	  3.0000	  1.3041	  2.4333	 12.0393	  2.4625	 -0.0933
  2.5500	 11.2600	  3.0000	  1.4523	  2.5500	 11.2600	  2.4333	  0.0788
  2.5500	 11.2600	  3.0000	  1.3046	  2.4333	 12.0393	  2.4625	 -0.0905
  2.5500	 11.2600	  3.0000	  1.4608	  2.5500	 11.2600	  2.4917	  0.0243
  2.5500	 11.2600	  3.0000	  1.4361	  2.5500	 11.2600	  2.5500	 -0.0083
  2.5500	 11.2600	  3.0000	  1.3061	  2.4333	 12.0393	  2.5500	 -0.1099
  2.5500	 11.2600	  3.0000	  1.2960	  2.4333	 12.0393	  2.4625	 -0.0988
  2.5500	 11.2600	  3.0000	  1.4510	  2.5500	 11.2600	  2.7300	 -0.0305
  2.5500	 11.2600	  3.0000	  1.3046	  2.4333	 12.0393	  2.4625	 -0.0905
  2.5500	 11.2600	  3.0000	  1.3038	  2.4333	 12.0393	  2.4625	 -0.1410
  2.5500	 11.2600	  3.0000	  1.4511	  2.5500	 11.2600	  2.4333	  0.0795
  2.5500	 11.2600	  3.0000	  1.3038	  2.4333	 12.0393	  2.4625	 -0.1323
  2.5500	 11.2600	  3.0000	  1.3061	  2.4333	 12.0393	  2.4625	 -0.0890
  2.5500	 11.2600	  3.0000	  1.4266	  2.5500	 11.2600	  2.7300	 -0.0193
  2.5500	 11.2600	  3.0000	  1.3059	  2.4333	 12.0393	  2.4625	 -0.0880
  2.5500	 11.2600	  3.0000	  1.3035	  2.4333	 12.0393	  2.4625	 -0.0976
  2.5500	 11.2600	  3.0000	  1.4517	  2.5500	 11.2600	  2.4333	  0.0788
  2.5500	 11.2600	  3.0000	  1.3045	  2.4333	 12.0393	  2.4625	 -0.0905
  2.5500	 11.2600	  3.0000	  1.3059	  2.4333	 12.0393	  2.4625	 -0.0890
  2.5500	 11.2600	  3.0000	  1.4265	  2.5500	 11.2600	  2.7300	 -0.0193
  2.5500	 11.2600	  3.0000	  1.3059	  2.4333	 12.0393	  2.4625	 -0.0890
  2.5500	 11.2600	  3.0000	  1.4629	  2.5500	 11.2600	  2.4917	  0.0244
  2.5500	 11.2600	  3.0000	  1.3038	  2.4333	 12.0393	  2.4625	 -0.1323
  2.5500	 11.2600	  3.0000	  1.3043	  2.4333	 12.0393	  2.4625	 -0.0981
  2.5500	 11.2600	  3.0000	  1.3047	  2.4333	 12.0393	  2.4625	 -0.0905
  2.5500	 11.2600	  3.0000	  1.4511	  2.5500	 11.2600	  2.7300	 -0.0307
  2.5500	 11.2600	  3.0000	  1.3041	  2.4333	 12.0393	  2.4625	 -0.0933
  2.5500	 11.2600	  3.0000	  1.3039	  2.4333	 12.0393	  2.4625	 -0.1410
  2.5500	 11.2600	  3.0000	  1.4511	  2.5500	 11.2600	  2.4333	  0.0795
  2.5500	 11.2600	  3.0000	  1.3039	  2.4333	 12.0393	  2.4625	 -0.1410
  2.5500	 11.2600	  3.0000	  1.4623	  2.5500	 11.2600	  2.4917	  0.0243
  2.5500	 11.2600	  3.0000	  1.4250	  2.5500	 11.2600	  2.4917	  0.0431
  2.5500	 11.2600	  3.0000	  1.2960	  2.4333	 12.0393	  2.4625	 -0.0988
  2.5500	 11.2600	  3.0000	  1.3072	  2.4333	 12.0393	  2.5500	 -0.1122
  2.5500	 11.2600	  3.0000	  1.4363	  2.5500	 11.2600	  2.5500	 -0.0084
  2.5500	 11.2600	  3.0000	  1.4608	  2.5500	 11.2600	  2.4917	  0.0243
  2.5500	 11.2600	  3.0000	  1.4245	  2.5500	 11.2600	  2.4917	  0.0427
  2.5500	 11.2600	  3.0000	  1.4518	  2.5500	 11.2600	  2.4333	  0.0788
  2.5500	 11.2600	  3.0000	  1.4251	  2.5500	 11.2600	  2.4917	  0.0428
  2.5500	 11.2600	  3.0000	  1.3036	  2.4333	 12.0393	  2.4625	 -0.0976
  2.5500	 11.2600	  3.0000	  1.3078	  2.4333	 12.0393	  2.5500	 -0.1127
  2.5500	 11.2600	  3.0000	  1.3041	  2.4333	 12.0393	  2.4625	 -0.0933
  2.5500	 11.2600	  3.0000	  1.4530	  2.5500	 11.2600	  2.4333	  0.0788
  2.5500	 11.2600	  3.0000	  1.3050	  2.4333	 12.0393	  2.4625	 -0.0961
  2.5500	 11.2600	  3.0000	  1.4639	  2.5500	 11.2600	  2.4917	  0.0243
  2.5500	 11.2600	  3.0000	  1.4259	  2.5500	 11.2600	  2.4917	  0.0435
  2.5500	 11.2600	  3.0000	  1.2960	  2.4333	 12.0393	  2.4625	 -0.0988
  2.5500	 11.2600	  3.0000	  1.3072	  2.4333	 12.0393	  2.5500	 -0.1111
  2.5500	 11.2600	  3.0000	  1.4368	  2.5500	 11.2600	  2.5500	 -0.0086
  2.5500	 11.2600	  3.0000	  1.4637	  2.5500	 11.2600	  2.4917	  0.0243
  2.5500	 11.2600	  3.0000	  1.4258	  2.5500	 11.2600	  2.4917	  0.0435
  2.5500	 11.2600	  3.0000	  1.2960	  2.4333	 12.0393	  2.4625	 -0.0988
  2.5500	 11.2600	  3.0000	  1.3072	  2.4333	 12.0393	  2.5500	 -0.1122
  2.5500	 11.2600	  3.0000	  1.4367	  2.5500	 11.2600	  2.5500	 -0.0086
  2.5500	 11.2600	  3.0000	  1.4617	  2.5500	 11.2600	  2.4917	  0.0243
  2.5500	 11.2600	  3.0000	  1.4247	  2.5500	 11.2600	  2.4917	  0.0426
  2.5500	 11.2600	  3.0000	  1.2964	  2.4333	 12.0393	  2.4625	 -0.0975
  2.5500	 11.2600	  3.0000	  1.4616	  2.5500	 11.2600	  2.4917	  0.0243
  2.5500	 11.2600	  3.0000	  1.4246	  2.5500	 11.2600	  2.4917	  0.0426
  2.5500	 11.2600	  3.0000	  1.3042	  2.4333	 12.0393	  2.4625	 -0.0967
  2.5500	 11.2600	  3.0000	  1.4507	  2.5500	 11.2600	  2.7300	 -0.0275
  2.5500	 11.2600	  3.0000	  1.3043	  2.4333	 12.0393	  2.4625	 -0.0981
  2.5500	 11.2600	  3.0000	  1.3032	  2.4333	 12.0393	  2.4625	 -0.0952
  2.5500	 11.2600	  3.0000	  1.4506	  2.5500	 11.2600	  2.4333	  0.0795
  2.5500	 11.2600	  3.0000	  1.3039	  2.4333	 12.0393	  2.4625	 -0.1410
  2.5500	 11.2600	  3.0000	  1.3042	  2.4333	 12.0393	  2.4625	 -0.0967
  2.5500	 11.2600	  3.0000	  1.4505	  2.5500	 11.2600	  2.7300	 -0.0275
  2.5500	 11.2600	  3.0000	  1.3042	  2.4333	 12.0393	  2.4625	 -0.0967
  2.5500	 11.2600	  3.0000	  1.3031	  2.4333	 12.0393	  2.4625	 -0.0952
  2.5500	 11.2600	  3.0000	  1.2964	  2.4333	 12.0393	  2.4625	 -0.0975
  2.5500	 11.2600	  3.0000	  1.3062	  2.4333	 12.0393	  2.4625	 -0.0889
  2.5500	 11.2600	  3.0000	  1.4275	  2.5500	 11.2600	  2.7300	 -0.0178
  2.5500	 11.2600	  3.0000	  1.2963	  2.4333	 12.0393	  2.4625	 -0.0971
  2.5500	 11.2600	  3.0000	  1.3042	  2.4333	 12.0393	  2.4625	 -0.0967
  2.5500	 11.2600	  3.0000	  1.4374	  2.5500	 11.2600	  2.5500	 -0.0032
  2.5500	 11.2600	  3.0000	  1.3066	  2.4333	 12.0393	  2.4625	 -0.0863
  2.5500	 11.2600	  3.0000	  1.4625	  2.5500	 11.2600	  2.4917	  0.0243
  2.5500	 11.2600	  3.0000	  1.4250	  2.5500	 11.2600	  2.4917	  0.0431
  2.5500	 11.2600	  3.0000	  1.2965	  2.4333	 12.0393	  2.4625	 -0.0956
  2.5500	 11.2600	  3.0000	  1.3076	  2.4333	 12.0393	  2.5500	 -0.1127
  2.5500	 11.2600	  3.0000	  1.4373	  2.5500	 11.2600	  2.5500	 -0.0036
  2.5500	 11.2600	  3.0000	  1.4261	  2.5500	 11.2600	  2.4917	  0.0433
  2.5500	 11.2600	  3.0000	  1.2961	  2.4333	 12.0393	  2.4625	 -0.0978
  2.5500	 11.2600	  3.0000	  1.4650	  2.5500	 11.2600	  2.4917	  0.0243
  2.5500	 11.2600	  3.0000	  1.4262	  2.5500	 11.2600	  2.4917	  0.0434
  2.5500	 11.2600	  3.0000	  1.2961	  2.4333	 12.0393	  2.4625	 -0.0978
  2.5500	 11.2600	  3.0000	  1.3047	  2.4333	 12.0393	  2.4625	 -0.0889
  2.5500	 11.2600	  3.0000	  1.4516	  2.5500	 11.2600	  2.7300	 -0.0306
  2.5500	 11.2600	  3.0000	  1.3046	  2.4333	 12.0393	  2.4625	 -0.0905
  2.5500	 11.2600	  3.0000	  1.4646	  2.5500	 11.2600	  2.4917	  0.0243
  2.5500	 11.2600	  3.0000	  1.4514	  2.5500	 11.2600	  2.4333	  0.0795
  2.5500	 11.2600	  3.0000	  1.3037	  2.4333	 12.0393	  2.4625	 -0.1323
  2.5500	 11.2600	  3.0000	  1.4515	  2.5500	 11.2600	  2.4333	  0.0788
  2.5500	 11.2600	  3.0000	  1.3038	  2.4333	 12.0393	  2.4625	 -0.1410
  2.5500	 11.2600	  3.0000	  1.3046	  2.4333	 12.0393	  2.4625	 -0.0905
  2.5500	 11.2600	  3.0000	  1.4515	  2.5500	 11.2600	  2.7300	 -0.0306
  2.5500	 11.2600	  3.0000	  1.3047	  2.4333	 12.0393	  2.4625	 -0.0905
  2.5500	 11.2600	  3.0000	  1.4531	  2.5500	 11.2600	  2.4333	  0.0788
  2.5500	 11.2600	  3.0000	  1.3046	  2.4333	 12.0393	  2.4625	 -0.0905
  2.5500	 11.2600	  3.0000	  1.3044	  2.4333	 12.0393	  2.4625	 -0.0973
  2.5500	 11.2600	  3.0000	  1.3062	  2.4333	 12.0393	  2.4625	 -0.0889
  2.5500	 11.2600	  3.0000	  1.4274	  2.5500	 11.2600	  2.7300	 -0.0178
  2.5500	 11.2600	  3.0000	  1.3066	  2.4333	 12.0393	  2.4625	 -0.0863
  2.5500	 11.2600	  3.0000	  1.3041	  2.4333	 12.0393	  2.4625	 -0.0933
  2.2000	 13.5980	  1.0000	  1.0826	  2.5500	 11.2600	  2.5500	  0.1012
  2.2000	 13.5980	  1.0000	  1.0829	  2.5500	 11.2600	  2.5500	  0.1072
  2.2000	 13.5980	  1.0000	  1.0825	  2.5500	 11.2600	  2.5500	  0.0968
  2.2000	 13.5980	  1.0000	  1.0828	  2.5500	 11.2600	  2.5500	  0.1021
  2.2000	 13.5980	  1.0000	  1.0827	  2.5500	 11.2600	  2.5500	  0.1001
  2.2000	 13.5980	  1.0000	  1.0829	  2.5500	 11.2600	  2.5500	  0.1072
  2.2000	 13.5980	  1.0000	  1.0828	  2.5500	 11.2600	  2.5500	  0.1021
  2.2000	 13.5980	  1.0000	  1.0828	  2.5500	 11.2600	  2.5500	  0.1021
  2.2000	 13.5980	  1.0000	  1.0828	  2.5500	 11.2600	  2.5500	  0.1021
  2.2000	 13.5980	  1.0000	  1.0806	  2.5500	 11.2600	  2.5500	  0.1121
  2.2000	 13.5980	  1.0000	  1.0828	  2.5500	 11.2600	  2.5500	  0.1021
  2.2000	 13.5980	  1.0000	  1.0836	  2.5500	 11.2600	  2.5500	  0.1107
  2.2000	 13.5980	  1.0000	  1.0806	  2.5500	 11.2600	  2.5500	  0.1121
  2.2000	 13.5980	  1.0000	  1.0837	  2.5500	 11.2600	  2.5500	  0.1107
  2.2000	 13.5980	  1.0000	  1.0805	  2.5500	 11.2600	  2.5500	  0.1121
  2.2000	 13.5980	  1.0000	  1.0806	  2.5500	 11.2600	  2.5500	  0.1121
  2.2000	 13.5980	  1.0000	  1.0826	  2.5500	 11.2600	  2.5500	  0.1012
  2.2000	 13.5980	  1.0000	  0.9889	  3.4400	 13.6180	  1.3300	  0.3845
  2.2000	 13.5980	  1.0000	  0.9882	  3.4400	 13.6180	  1.3300	  0.3845
  2.2000	 13.5980	  1.0000	  1.0827	  2.5500	 11.2600	  2.5500	  0.1001
  2.2000	 13.5980	  1.0000	  1.0829	  2.5500	 11.2600	  2.5500	  0.1072
  2.2000	 13.5980	  1.0000	  1.0826	  2.5500	 11.2600	  2.5500	  0.1012
  2.2000	 13.5980	  1.0000	  1.0826	  2.5500	 11.2600	  2.5500	  0.1012
  2.2000	 13.5980	  1.0000	  1.0829	  2.5500	 11.2600	  2.5500	  0.1072
  2.2000	 13.5980	  1.0000	  0.9906	  3.4400	 13.6180	  1.7650	  0.3757
  2.2000	 13.5980	  1.0000	  1.0829	  2.5500	 11.2600	  2.5500	  0.1072
  2.2000	 13.5980	  1.0000	  1.0828	  2.5500	 11.2600	  2.5500	  0.1021
  2.2000	 13.5980	  1.0000	  1.0829	  2.5500	 11.2600	  2.5500	  0.1072
  2.2000	 13.5980	  1.0000	  1.0833	  2.5500	 11.2600	  2.5500	  0.1107
  2.2000	 13.5980	  1.0000	  1.0831	  2.5500	 11.2600	  2.5500	  0.1107
  2.2000	 13.5980	  1.0000	  1.0828	  2.5500	 11.2600	  2.5500	  0.1021
  2.2000	 13.5980	  1.0000	  1.0826	  2.5500	 11.2600	  2.5500	  0.1012
  2.2000	 13.5980	  1.0000	  1.0825	  2.5500	 11.2600	  2.5500	  0.0968
  2.2000	 13.5980	  1.0000	  1.0826	  2.5500	 11.2600	  2.5500	  0.1012
  2.2000	 13.5980	  1.0000	  1.0828	  2.5500	 11.2600	  2.5500	  0.1021
  2.2000	 13.5980	  1.0000	  1.0836	  2.5500	 11.2600	  2.5500	  0.1107
  2.2000	 13.5980	  1.0000	  1.0805	  2.5500	 11.2600	  2.5500	  0.1121
  2.2000	 13.5980	  1.0000	  1.0805	  2.5500	 11.2600	  2.5500	  0.1121
  2.2000	 13.5980	  1.0000	  1.0837	  2.5500	 11.2600	  2.5500	  0.1107
  2.2000	 13.5980	  1.0000	  1.0801	  2.5500	 11.2600	  2.5500	  0.1107
  2.2000	 13.5980	  1.0000	  1.0808	  2.5500	 11.2600	  2.5500	  0.1118
  2.2000	 13.5980	  1.0000	  1.0824	  2.5500	 11.2600	  2.5500	  0.1065
  2.2000	 13.5980	  1.0000	  1.0829	  2.5500	 11.2600	  2.5500	  0.1072
  2.2000	 13.5980	  1.0000	  0.9892	  3.4400	 13.6180	  1.7650	  0.3754
  2.2000	 13.5980	  1.0000	  0.9899	  3.4400	 13.6180	  1.7650	  0.3745
  2.2000	 13.5980	  1.0000	  0.9890	  3.4400	 13.6180	  1.7650	  0.3754
  2.2000	 13.5980	  1.0000	  0.9903	  3.4400	 13.6180	  1.7650	  0.3757
  2.2000	 13.5980	  1.0000	  0.9884	  3.4400	 13.6180	  1.3300	  0.3845
  2.2000	 13.5980	  1.0000	  0.9888	  3.4400	 13.6180	  1.7650	  0.3754
  2.2000	 13.5980	  1.0000	  0.9879	  3.4400	 13.6180	  1.3300	  0.3845
  2.2000	 13.5980	  1.0000	  0.9878	  3.4400	 13.6180	  1.3300	  0.3845
  2.2000	 13.5980	  1.0000	  0.9904	  3.4400	 13.6180	  1.7650	  0.3757
  2.2000	 13.5980	  1.0000	  0.9888	  3.4400	 13.6180	  1.3300	  0.3845
  2.2000	 13.5980	  1.0000	  0.9893	  3.4400	 13.6180	  1.7650	  0.3754
  2.2000	 13.5980	  1.0000	  0.9875	  3.4400	 13.6180	  1.3300	  0.3845
  2.2000	 13.5980	  1.0000	  0.9913	  3.4400	 13.6180	  1.7650	  0.3771
  2.2000	 13.5980	  1.0000	  0.9886	  3.4400	 13.6180	  1.3300	  0.3845
  2.2000	 13.5980	  1.0000	  0.9889	  3.4400	 13.6180	  1.3300	  0.3845
  2.2000	 13.5980	  1.0000	  0.9889	  3.4400	 13.6180	  1.3300	  0.3845
  2.2000	 13.5980	  1.0000	  0.9888	  3.4400	 13.6180	  1.7650	  0.3754
  2.2000	 13.5980	  1.0000	  0.9894	  3.4400	 13.6180	  1.7650	  0.3754
  2.2000	 13.5980	  1.0000	  0.9908	  3.4400	 13.6180	  1.7650	  0.3757
  2.2000	 13.5980	  1.0000	  0.9886	  3.4400	 13.6180	  1.3300	  0.3845
  2.2000	 13.5980	  1.0000	  0.9904	  3.4400	 13.6180	  1.7650	  0.3757
  2.2000	 13.5980	  1.0000	  1.0831	  2.5500	 11.2600	  2.5500	  0.1107
  2.2000	 13.5980	  1.0000	  0.9897	  3.4400	 13.6180	  1.7650	  0.3750
  2.2000	 13.5980	  1.0000	  0.9891	  3.4400	 13.6180	  1.3300	  0.3845
  2.2000	 13.5980	  1.0000	  0.9890	  3.4400	 13.6180	  1.7650	  0.3754
  2.2000	 13.5980	  1.0000	  0.9877	  3.4400	 13.6180	  1.3300	  0.3845
  2.2000	 13.5980	  1.0000	  0.9882	  3.4400	 13.6180	  1.3300	  0.3845
  2.2000	 13.5980	  1.0000	  0.9913	  3.4400	 13.6180	  1.7650	  0.3771
  2.2000	 13.5980	  1.0000	  0.9898	  3.4400	 13.6180	  1.3300	  0.3803
  2.2000	 13.5980	  1.0000	  0.9888	  3.4400	 13.6180	  1.3300	  0.3845
  2.2000	 13.5980	  1.0000	  0.9891	  3.4400	 13.6180	  1.3300	  0.3845
  2.2000	 13.5980	  1.0000	  0.9885	  3.4400	 13.6180	  1.7650	  0.3754
  2.2000	 13.5980	  1.0000	  0.9892	  3.4400	 13.6180	  1.7650	  0.3754
  2.2000	 13.5980	  1.0000	  0.9914	  3.4400	 13.6180	  1.7650	  0.3771
  2.2000	 13.5980	  1.0000	  0.9889	  3.4400	 13.6180	  1.3300	  0.3845
  2.2000	 13.5980	  1.0000	  0.9891	  3.4400	 13.6180	  1.7650	  0.3754
  2.2000	 13.5980	  1.0000	  0.9876	  3.4400	 13.6180	  1.3300	  0.3845
  2.2000	 13.5980	  1.0000	  0.9888	  3.4400	 13.6180	  1.3300	  0.3845
  2.2000	 13.5980	  1.0000	  0.9894	  3.4400	 13.6180	  1.7650	  0.3754
  2.2000	 13.5980	  1.0000	  0.9887	  3.4400	 13.6180	  1.7650	  0.3754
  2.2000	 13.5980	  1.0000	  0.9882	  3.4400	 13.6180	  1.3300	  0.3845
  2.2000	 13.5980	  1.0000	  0.9902	  3.4400	 13.6180	  1.7650	  0.3757
  2.2000	 13.5980	  1.0000	  0.9883	  3.4400	 13.6180	  1.3300	  0.3845
  2.2000	 13.5980	  1.0000	  0.9910	  3.4400	 13.6180	  1.7650	  0.3757
  2.2000	 13.5980	  1.0000	  0.9882	  3.4400	 13.6180	  1.3300	  0.3845
  2.2000	 13.5980	  1.0000	  0.9901	  3.4400	 13.6180	  1.3300	  0.3810
  2.2000	 13.5980	  1.0000	  1.0829	  2.5500	 11.2600	  2.5500	  0.1072
  2.2000	 13.5980	  1.0000	  1.0828	  2.5500	 11.2600	  2.5500	  0.1021
  2.2000	 13.5980	  1.0000	  1.0827	  2.5500	 11.2600	  2.5500	  0.1001
  2.2000	 13.5980	  1.0000	  1.0829	  2.5500	 11.2600	  2.5500	  0.1072
  2.2000	 13.5980	  1.0000	  1.0828	  2.5500	 11.2600	  2.5500	  0.1021
  2.2000	 13.5980	  1.0000	  1.0826	  2.5500	 11.2600	  2.5500	  0.1012
  2.2000	 13.5980	  1.0000	  1.0827	  2.5500	 11.2600	  2.5500	  0.1001
  2.2000	 13.5980	  1.0000	  1.0831	  2.5500	 11.2600	  2.5500	  0.1107
  2.2000	 13.5980	  1.0000	  1.0828	  2.5500	 11.2600	  2.5500	  0.1021
  2.2000	 13.5980	  1.0000	  1.0830	  2.5500	 11.2600	  2.5500	  0.1072
  2.2000	 13.5980	  1.0000	  1.0830	  2.5500	 11.2600	  2.5500	  0.1072
  2.2000	 13.5980	  1.0000	  1.0829	  2.5500	 11.2600	  2.5500	  0.1072
  2.2000	 13.5980	  1.0000	  1.0829	  2.5500	 11.2600	  2.5500	  0.1072
  2.2000	 13.5980	  1.0000	  1.0829	  2.5500	 11.2600	  2.5500	  0.1072
  2.2000	 13.5980	  1.0000	  1.0825	  2.5500	 11.2600	  2.5500	  0.0968
  2.2000	 13.5980	  1.0000	  1.0828	  2.5500	 11.2600	  2.5500	  0.1021
  2.2000	 13.5980	  1.0000	  1.0830	  2.5500	 11.2600	  2.5500	  0.1072
  2.2000	 13.5980	  1.0000	  1.0837	  2.5500	 11.2600	  2.5500	  0.1107
  2.2000	 13.5980	  1.0000	  1.0805	  2.5500	 11.2600	  2.5500	  0.1121
  2.2000	 13.5980	  1.0000	  1.0806	  2.5500	 11.2600	  2.5500	  0.1121
  2.2000	 13.5980	  1.0000	  1.0837	  2.5500	 11.2600	  2.5500	  0.1107
  2.2000	 13.5980	  1.0000	  1.0826	  2.5500	 11.2600	  2.5500	  0.1012
  2.2000	 13.5980	  1.0000	  1.0827	  2.5500	 11.2600	  2.5500	  0.1001
  2.2000	 13.5980	  1.0000	  1.0806	  2.5500	 11.2600	  2.5500	  0.1121
  2.2000	 13.5980	  1.0000	  1.0805	  2.5500	 11.2600	  2.5500	  0.1121
  2.2000	 13.5980	  1.0000	  1.0826	  2.5500	 11.2600	  2.5500	  0.1012
  2.2000	 13.5980	  1.0000	  1.0827	  2.5500	 11.2600	  2.5500	  0.1001
  2.2000	 13.5980	  1.0000	  1.0828	  2.5500	 11.2600	  2.5500	  0.1021
  2.2000	 13.5980	  1.0000	  1.0827	  2.5500	 11.2600	  2.5500	  0.1001
  2.2000	 13.5980	  1.0000	  1.0832	  2.5500	 11.2600	  2.5500	  0.1107
  2.2000	 13.5980	  1.0000	  1.0828	  2.5500	 11.2600	  2.5500	  0.1021
  2.2000	 13.5980	  1.0000	  1.0830	  2.5500	 11.2600	  2.5500	  0.1072
  2.2000	 13.5980	  1.0000	  1.0830	  2.5500	 11.2600	  2.5500	  0.1072
  2.2000	 13.5980	  1.0000	  1.0829	  2.5500	 11.2600	  2.5500	  0.1072
  2.2000	 13.5980	  1.0000	  1.0828	  2.5500	 11.2600	  2.5500	  0.1021
  2.2000	 13.5980	  1.0000	  1.0830	  2.5500	 11.2600	  2.5500	  0.1072
  2.2000	 13.5980	  1.0000	  1.0829	  2.5500	 11.2600	  2.5500	  0.1072
  2.2000	 13.5980	  1.0000	  1.0829	  2.5500	 11.2600	  2.5500	  0.1072
  2.2000	 13.5980	  1.0000	  1.0826	  2.5500	 11.2600	  2.5500	  0.1012
  2.2000	 13.5980	  1.0000	  1.0826	  2.5500	 11.2600	  2.5500	  0.1012
  2.2000	 13.5980	  1.0000	  1.0826	  2.5500	 11.2600	  2.5500	  0.1012
  2.2000	 13.5980	  1.0000	  1.0808	  2.5500	 11.2600	  2.5500	  0.1118
  2.2000	 13.5980	  1.0000	  1.0805	  2.5500	 11.2600	  2.5500	  0.1121
  2.2000	 13.5980	  1.0000	  1.0838	  2.5500	 11.2600	  2.5500	  0.1107
  2.2000	 13.5980	  1.0000	  1.0804	  2.5500	 11.2600	  2.5500	  0.1121
  2.2000	 13.5980	  1.0000	  1.0806	  2.5500	 11.2600	  2.5500	  0.1121
  2.2000	 13.5980	  1.0000	  1.0837	  2.5500	 11.2600	  2.5500	  0.1107
  2.2000	 13.5980	  1.0000	  1.0827	  2.5500	 11.2600	  2.5500	  0.1001
  2.2000	 13.5980	  1.0000	  1.0828	  2.5500	 11.2600	  2.5500	  0.1021
  2.2000	 13.5980	  1.0000	  1.0828	  2.5500	 11.2600	  2.5500	  0.1021
  2.2000	 13.5980	  1.0000	  1.0828	  2.5500	 11.2600	  2.5500	  0.1021
  2.2000	 13.5980	  1.0000	  1.0829	  2.5500	 11.2600	  2.5500	  0.1072
  2.2000	 13.5980	  1.0000	  1.0828	  2.5500	 11.2600	  2.5500	  0.1021
  2.2000	 13.5980	  1.0000	  1.0829	  2.5500	 11.2600	  2.5500	  0.1072
  2.2000	 13.5980	  1.0000	  1.0827	  2.5500	 11.2600	  2.5500	  0.1001
  2.2000	 13.5980	  1.0000	  1.0827	  2.5500	 11.2600	  2.5500	  0.1001
  2.2000	 13.5980	  1.0000	  1.0827	  2.5500	 11.2600	  2.5500	  0.1001
  2.2000	 13.5980	  1.0000	  1.0826	  2.5500	 11.2600	  2.5500	  0.1012
  2.2000	 13.5980	  1.0000	  1.0830	  2.5500	 11.2600	  2.5500	  0.1072
  2.2000	 13.5980	  1.0000	  1.0829	  2.5500	 11.2600	  2.5500	  0.1072
  2.2000	 13.5980	  1.0000	  1.0837	  2.5500	 11.2600	  2.5500	  0.1107
  2.2000	 13.5980	  1.0000	  1.0805	  2.5500	 11.2600	  2.5500	  0.1121
  2.2000	 13.5980	  1.0000	  1.0805	  2.5500	 11.2600	  2.5500	  0.1121
  2.2000	 13.5980	  1.0000	  1.0837	  2.5500	 11.2600	  2.5500	  0.1107
  2.2000	 13.5980	  1.0000	  1.0805	  2.5500	 11.2600	  2.5500	  0.1121
  2.2000	 13.5980	  1.0000	  1.0823	  2.5500	 11.2600	  2.5500	  0.1079
  2.2000	 13.5980	  1.0000	  1.0805	  2.5500	 11.2600	  2.5500	  0.1121
  2.2000	 13.5980	  1.0000	  1.0832	  2.5500	 11.2600	  2.5500	  0.1107
  2.2000	 13.5980	  1.0000	  1.0828	  2.5500	 11.2600	  2.5500	  0.1021
  2.2000	 13.5980	  1.0000	  1.0827	  2.5500	 11.2600	  2.5500	  0.1001
  2.2000	 13.5980	  1.0000	  1.0807	  2.5500	 11.2600	  2.5500	  0.1121
  2.2000	 13.5980	  1.0000	  1.0829	  2.5500	 11.2600	  2.5500	  0.1072
  2.2000	 13.5980	  1.0000	  1.0826	  2.5500	 11.2600	  2.5500	  0.1012
  2.2000	 13.5980	  1.0000	  1.0829	  2.5500	 11.2600	  2.5500	  0.1072
  2.2000	 13.5980	  1.0000	  1.0829	  2.5500	 11.2600	  2.5500	  0.1072
  2.2000	 13.5980	  1.0000	  1.0830	  2.5500	 11.2600	  2.5500	  0.1072
  2.2000	 13.5980	  1.0000	  1.0828	  2.5500	 11.2600	  2.5500	  0.1021
  2.2000	 13.5980	  1.0000	  1.0827	  2.5500	 11.2600	  2.5500	  0.1001
  2.2000	 13.5980	  1.0000	  1.0830	  2.5500	 11.2600	  2.5500	  0.1072
  2.2000	 13.5980	  1.0000	  1.0829	  2.5500	 11.2600	  2.5500	  0.1072
  2.2000	 13.5980	  1.0000	  1.0827	  2.5500	 11.2600	  2.5500	  0.1001
  2.2000	 13.5980	  1.0000	  1.0828	  2.5500	 11.2600	  2.5500	  0.1021
  2.2000	 13.5980	  1.0000	  1.0831	  2.5500	 11.2600	  2.5500	  0.1107
  2.2000	 13.5980	  1.0000	  1.0828	  2.5500	 11.2600	  2.5500	  0.1021
  2.2000	 13.5980	  1.0000	  1.0830	  2.5500	 11.2600	  2.5500	  0.1072
  2.2000	 13.5980	  1.0000	  1.0837	  2.5500	 11.2600	  2.5500	  0.1107
  2.2000	 13.5980	  1.0000	  1.0805	  2.5500	 11.2600	  2.5500	  0.1121
  2.2000	 13.5980	  1.0000	  1.0804	  2.5500	 11.2600	  2.5500	  0.1121
  2.2000	 13.5980	  1.0000	  1.0830	  2.5500	 11.2600	  2.5500	  0.1072
  2.2000	 13.5980	  1.0000	  1.0837	  2.5500	 11.2600	  2.5500	  0.1107
  2.2000	 13.5980	  1.0000	  1.0805	  2.5500	 11.2600	  2.5500	  0.1121
  3.4400	 13.6180	  2.0000	  1.5514	  1.7650	 10.1160	  3.4400	 -0.7855
  3.4400	 13.6180	  2.0000	  1.7178	  1.9400	  8.9470	  3.3411	 -0.6282
  3.4400	 13.6180	  2.0000	  1.5523	  1.7650	 10.1160	  3.4400	 -0.7855
  3.4400	 13.6180	  3.0000	  1.3671	  1.9100	 11.2767	  3.4400	 -0.8707
  3.4400	 13.6180	  4.0000	  1.8188	  1.5475	  8.3750	  3.4400	 -1.1269
  3.4400	 13.6180	  2.0000	  1.7264	  1.9400	  8.9470	  3.3411	 -0.6380
  3.4400	 13.6180	  2.0000	  1.5523	  1.7650	 10.1160	  3.4400	 -0.7855
  3.4400	 13.6180	  3.0000	  2.1037	  1.3300	  6.6340	  3.4400	 -1.1726
  3.4400	 13.6180	  3.0000	  2.1035	  1.3300	  6.6340	  3.4400	 -1.1726
  3.4400	 13.6180	  2.0000	  1.7292	  1.9400	  8.9470	  3.3411	 -0.5290
  3.4400	 13.6180	  4.0000	  1.8159	  1.5475	  8.3750	  3.4400	 -1.1303
  3.4400	 13.6180	  2.0000	  1.7269	  1.9400	  8.9470	  3.3411	 -0.5302
  3.4400	 13.6180	  2.0000	  1.7291	  1.9400	  8.9470	  3.3411	 -0.5290
  3.4400	 13.6180	  3.0000	  2.1030	  1.3300	  6.6340	  3.4400	 -1.1726
  3.4400	 13.6180	  3.0000	  1.3677	  1.9100	 11.2767	  3.4400	 -0.8707
  3.4400	 13.6180	  3.0000	  1.3675	  1.9100	 11.2767	  3.4400	 -0.8707
  3.4400	 13.6180	  2.0000	  1.5516	  1.7650	 10.1160	  3.4400	 -0.7855
  3.4400	 13.6180	  4.0000	  1.8175	  1.5475	  8.3750	  3.4400	 -1.1303
  3.4400	 13.6180	  3.0000	  2.1000	  1.3300	  6.6340	  3.4400	 -1.1726
  3.4400	 13.6180	  2.0000	  1.7280	  1.9400	  8.9470	  3.3411	 -0.5290
  3.4400	 13.6180	  2.0000	  1.7112	  1.9400	  8.9470	  3.3411	 -0.6116
  3.4400	 13.6180	  2.0000	  1.7138	  1.9400	  8.9470	  3.3411	 -0.5463
  3.4400	 13.6180	  2.0000	  1.7171	  1.9400	  8.9470	  3.3411	 -0.6282
  3.4400	 13.6180	  2.0000	  1.7109	  1.9400	  8.9470	  3.3411	 -0.6116
  3.4400	 13.6180	  2.0000	  1.7129	  1.9400	  8.9470	  3.3411	 -0.5470
  3.4400	 13.6180	  4.0000	  1.8154	  1.5475	  8.3750	  3.4400	 -1.1303
  3.4400	 13.6180	  2.0000	  1.7160	  1.9400	  8.9470	  3.3411	 -0.5483
  3.4400	 13.6180	  2.0000	  1.7151	  1.9400	  8.9470	  3.3411	 -0.5470
  3.4400	 13.6180	  2.0000	  1.7274	  1.9400	  8.9470	  3.3411	 -0.5290
  3.4400	 13.6180	  2.0000	  1.7285	  1.9400	  8.9470	  3.3411	 -0.5290
  3.4400	 13.6180	  2.0000	  1.5529	  1.7650	 10.1160	  3.4400	 -0.7855
  3.4400	 13.6180	  2.0000	  1.7289	  1.9400	  8.9470	  3.3411	 -0.5290
  3.4400	 13.6180	  2.0000	  1.7302	  1.9400	  8.9470	  3.3411	 -0.5290
  3.4400	 13.6180	  4.0000	  1.8152	  1.5475	  8.3750	  3.4400	 -1.1303
  3.4400	 13.6180	  3.0000	  1.3672	  1.9100	 11.2767	  3.4400	 -0.8707
  3.4400	 13.6180	  2.0000	  1.5500	  1.7650	 10.1160	  3.4400	 -0.7854
  3.4400	 13.6180	  2.0000	  1.5523	  1.7650	 10.1160	  3.4400	 -0.7855
  3.4400	 13.6180	  2.0000	  1.7283	  1.9400	  8.9470	  3.3411	 -0.5290
  3.4400	 13.6180	  4.0000	  1.8167	  1.5475	  8.3750	  3.4400	 -1.1303
  3.4400	 13.6180	  3.0000	  2.1001	  1.3300	  6.6340	  3.4400	 -1.1726
  3.4400	 13.6180	  3.0000	  1.3674	  1.9100	 11.2767	  3.4400	 -0.8707
  3.4400	 13.6180	  3.0000	  1.3660	  1.9100	 11.2767	  3.4400	 -0.8707
  3.4400	 13.6180	  2.0000	  1.5527	  1.7650	 10.1160	  3.4400	 -0.7855
  3.4400	 13.6180	  4.0000	  1.8177	  1.5475	  8.3750	  3.4400	 -1.1303
  3.4400	 13.6180	  3.0000	  2.1032	  1.3300	  6.6340	  3.4400	 -1.1726
  3.4400	 13.6180	  2.0000	  1.7273	  1.9400	  8.9470	  3.3411	 -0.5290
  3.4400	 13.6180	  2.0000	  1.7292	  1.9400	  8.9470	  3.3411	 -0.5290
  3.4400	 13.6180	  2.0000	  1.7125	  1.9400	  8.9470	  3.3411	 -0.5474
  3.4400	 13.6180	  2.0000	  1.7114	  1.9400	  8.9470	  3.3411	 -0.6116
  3.4400	 13.6180	  2.0000	  1.7138	  1.9400	  8.9470	  3.3411	 -0.5463
  3.4400	 13.6180	  2.0000	  1.7142	  1.9400	  8.9470	  3.3411	 -0.5469
  3.4400	 13.6180	  2.0000	  1.7309	  1.9400	  8.9470	  3.3411	 -0.5290
  3.4400	 13.6180	  2.0000	  1.7308	  1.9400	  8.9470	  3.3411	 -0.5290
  3.4400	 13.6180	  3.0000	  1.3670	  1.9100	 11.2767	  3.4400	 -0.8707
  3.4400	 13.6180	  2.0000	  1.7163	  1.9400	  8.9470	  3.3411	 -0.6282
  3.4400	 13.6180	  2.0000	  1.7313	  1.9400	  8.9470	  3.3411	 -0.5290
  3.4400	 13.6180	  3.0000	  2.1045	  1.3300	  6.6340	  3.4400	 -1.1740
  3.4400	 13.6180	  2.0000	  1.7290	  1.9400	  8.9470	  3.3411	 -0.5290
  3.4400	 13.6180	  3.0000	  2.1024	  1.3300	  6.6340	  3.4400	 -1.1726
  3.4400	 13.6180	  2.0000	  1.7275	  1.9400	  8.9470	  3.3411	 -0.5290
  3.4400	 13.6180	  2.0000	  1.7287	  1.9400	  8.9470	  3.3411	 -0.5290
  3.4400	 13.6180	  2.0000	  1.7133	  1.9400	  8.9470	  3.3411	 -0.5468
  3.4400	 13.6180	  2.0000	  1.7104	  1.9400	  8.9470	  3.3411	 -0.6119
  3.4400	 13.6180	  2.0000	  1.7106	  1.9400	  8.9470	  3.3411	 -0.6116
  3.4400	 13.6180	  3.0000	  1.3672	  1.9100	 11.2767	  3.4400	 -0.8707
  3.4400	 13.6180	  4.0000	  1.8163	  1.5475	  8.3750	  3.4400	 -1.1303
  3.4400	 13.6180	  2.0000	  1.7292	  1.9400	  8.9470	  3.3411	 -0.5290
  3.4400	 13.6180	  3.0000	  1.3670	  1.9100	 11.2767	  3.4400	 -0.8707
  3.4400	 13.6180	  2.0000	  1.7294	  1.9400	  8.9470	  3.3411	 -0.5290
  3.4400	 13.6180	  2.0000	  1.7171	  1.9400	  8.9470	  3.3411	 -0.6282
  3.4400	 13.6180	  2.0000	  1.7146	  1.9400	  8.9470	  3.3411	 -0.5470
  3.4400	 13.6180	  2.0000	  1.7150	  1.9400	  8.9470	  3.3411	 -0.5470
  3.4400	 13.6180	  3.0000	  2.1063	  1.3300	  6.6340	  3.4400	 -1.1748
  3.4400	 13.6180	  4.0000	  1.8191	  1.5475	  8.3750	  3.4400	 -1.1269
  3.4400	 13.6180	  2.0000	  1.7279	  1.9400	  8.9470	  3.3411	 -0.5290
  3.4400	 13.6180	  2.0000	  1.5521	  1.7650	 10.1160	  3.4400	 -0.7855
  3.4400	 13.6180	  2.0000	  1.7113	  1.9400	  8.9470	  3.3411	 -0.6116
  3.4400	 13.6180	  3.0000	  1.3678	  1.9100	 11.2767	  3.4400	 -0.8707
  3.4400	 13.6180	  3.0000	  1.3661	  1.9100	 11.2767	  3.4400	 -0.8707
  3.4400	 13.6180	  2.0000	  1.7149	  1.9400	  8.9470	  3.3411	 -0.5470
  3.4400	 13.6180	  2.0000	  1.7162	  1.9400	  8.9470	  3.3411	 -0.6282
  3.4400	 13.6180	  2.0000	  1.7160	  1.9400	  8.9470	  3.3411	 -0.5483
  3.4400	 13.6180	  3.0000	  2.1043	  1.3300	  6.6340	  3.4400	 -1.1726
  3.4400	 13.6180	  3.0000	  2.1074	  1.3300	  6.6340	  3.4400	 -1.1748
  3.4400	 13.6180	  2.0000	  1.5520	  1.7650	 10.1160	  3.4400	 -0.7855
  3.4400	 13.6180	  2.0000	  1.7266	  1.9400	  8.9470	  3.3411	 -0.6156
  3.4400	 13.6180	  4.0000	  1.8165	  1.5475	  8.3750	  3.4400	 -1.1303
  3.4400	 13.6180	  4.0000	  1.8146	  1.5475	  8.3750	  3.4400	 -1.1307
  3.4400	 13.6180	  3.0000	  1.3670	  1.9100	 11.2767	  3.4400	 -0.8707
  3.4400	 13.6180	  2.0000	  1.5505	  1.7650	 10.1160	  3.4400	 -0.7854
  3.4400	 13.6180	  2.0000	  1.7151	  1.9400	  8.9470	  3.3411	 -0.5470
  3.4400	 13.6180	  2.0000	  1.5519	  1.7650	 10.1160	  3.4400	 -0.7855
  3.4400	 13.6180	  2.0000	  1.7288	  1.9400	  8.9470	  3.3411	 -0.5290
  3.4400	 13.6180	  4.0000	  1.8145	  1.5475	  8.3750	  3.4400	 -1.1307
  3.4400	 13.6180	  3.0000	  2.1038	  1.3300	  6.6340	  3.4400	 -1.1726
  3.4400	 13.6180	  2.0000	  1.7275	  1.9400	  8.9470	  3.3411	 -0.5290
  1.3300	  6.6340	  8.0000	  2.1151	  3.4400	 13.6180	  1.7827	  2.1661
  1.3300	  6.6340	  8.0000	  2.1172	  3.4400	 13.6180	  1.8029	  2.1598
  1.3300	  6.6340	  8.0000	  2.1139	  3.4400	 13.6180	  1.7827	  2.1647
  1.3300	  6.6340	  8.0000	  2.1123	  3.4400	 13.6180	  1.7827	  2.1647
  1.3300	  6.6340	  8.0000	  2.1129	  3.4400	 13.6180	  1.7827	  2.1647
  1.3300	  6.6340	  8.0000	  2.1215	  3.4400	 13.6180	  1.8029	  2.1661
  1.3300	  6.6340	  8.0000	  2.1175	  3.4400	 13.6180	  1.8029	  2.1598
  1.3300	  6.6340	  8.0000	  2.1212	  3.4400	 13.6180	  1.8029	  2.1661
  1.3300	  6.6340	  8.0000	  2.1145	  3.4400	 13.6180	  1.7827	  2.1647
  1.3300	  6.6340	  8.0000	  2.1135	  3.4400	 13.6180	  1.7827	  2.1647
  1.3300	  6.6340	  8.0000	  2.1208	  3.4400	 13.6180	  1.8029	  2.1598
  1.3300	  6.6340	  8.0000	  2.1145	  3.4400	 13.6180	  1.7827	  2.1647
  1.3300	  6.6340	  8.0000	  2.1142	  3.4400	 13.6180	  1.7827	  2.1647
  1.3300	  6.6340	  8.0000	  2.1125	  3.4400	 13.6180	  1.7827	  2.1647
  1.3300	  6.6340	  8.0000	  2.1144	  3.4400	 13.6180	  1.7827	  2.1647
  1.3300	  6.6340	  8.0000	  2.1154	  3.4400	 13.6180	  1.7827	  2.1661
  1.3300	  6.6340	  8.0000	  2.1142	  3.4400	 13.6180	  1.7827	  2.1647
  1.3300	  6.6340	  8.0000	  2.1183	  3.4400	 13.6180	  1.8029	  2.1598
